Score
5
74891
799
333
4
9
455
881
3
1452
93
85677
0
8
200
46552
8
2900
91
5
4774
77
65
34
4
77
7300
31
3
447
9018
200
3620
1771
9322
86
30
6
171
9890
729
2264
172
847
25519
1848
20611
17755
67
21113
5
6
14
9839
4086
24271
30
484
48563
88920
1
843
6422
5
6
89697
3
9831
3
5309
5
481
9
52149
4
590
29
6
2
132
8
985
66
80119
9048
81
6
647
68208
0
6
699
9
40
58900
8
65
6337
97
51
8598
34865
784
88018
82
783
572
62
44254
7
4023
466
5540
67
808
3
2
1708
709
1821
70
3
62
542
4300
5
36985
92
8
7657
47687
4156
3
8631
4748
5832
8
5
1
32030
2028
52719
8768
47504
756
99
23
3455
357
18
713
439
95
93398
84
5
14
204
89178
116
768
79
77646
4625
9663
4919
0
36
697
4
8
88043
33
56430
67
7502
9
1
31
54181
93228
158
25744
32301
7505
5
1
5
56673
40
9
63
9
180
844
6
262
67755
858
19
6
6759
730
39
6172
25895
61799
4
6206
4
651
7872
3
94464
8721
2
33513
2658
7647
8765
449
370
757
2
5
4353
0
4
39522
64
4026
415
4
971
92424
0
6185
65995
1
59521
5819
15
7703
97584
5
9090
3
749
1801
85559
32
2696
54786
3
9
35981
416
15
389
8
7367
64
6
5536
62661
348
674
63
98591
321
390
696
66
8
487
2361
6
194
38
61124
68
74112
1
904
673
0
48006
4
424
1113
17500
758
952
16798
6499
1
1
80
3723
7226
35
74876
4099
20416
20
5405
1444
518
63958
730
1464
549
6897
4739
50
5
1751
5
5661
5
0
3219
485
2
817
3110
777
3
4637
147
73
9326
5
8
5759
47
31
42
8962
1
1434
0
24
57
765
79000
79074
88
95
973
8137
78
7
7508
62576
76263
6596
47599
30
9
41
72
24
1
46
805
1
36630
128
93
925
4398
6575
57863
4
5950
803
18
93094
9
7
14
97686
7
278
18510
73
196
87904
16
27602
371
28
7923
128
17560
1908
813
50610
3
93452
9755
1848
740
83842
9473
434
33
527
499
1
8944
775
896
70517
6
6
0
1387
2081
17
52
6
71837
12979
42665
4
90598
82910
3383
4376
95565
17206
6927
5
559
307
3
90668
4810
3
15198
1967
802
48294
471
85648
59933
7
36
434
25
4
1294
29766
950
4
8
2948
46
3932
29665
14
62788
11
44
60934
2
5023
38199
543
407
8277
645
4328
81245
98
8239
0
79
7
4058
3
77941
8455
3
30785
64
4126
3201
37
6622
4
40
984
44
6
66331
61
58
